000001
000002
000006
000009
000011
000012
000014
000016
000021
000023
000026
000027
000028
000030
000031
000032
000039
000040
000042
000049
000050
000055
000058
000059
000060
000061
000062
000063
000065
000066
000069
000070
000088
000089
000090
000096
000099
000100
000151
000156
000157
000159
000166
000301
000333
000338
000400
000401
000402
000404
000416
000417
000419
000421
000422
000423
000425
000429
000488
000501
000507
000513
000514
000517
000521
000523
000525
000528
000529
000530
000531
000532
000534
000538
000539
000541
000543
000544
000547
000548
000550
000552
000553
000555
000559
000560
000563
000565
000568
000570
000573
000581
000582
000589
000591
000596
000598
000599
000600
000601
000612
000617
000619
000620
000623
000625
000627
000630
000631
000635
000636
000637
000639
000650
000651
000652
000656
000661
000665
000668
000672
000685
000686
000690
000700
000701
000703
000705
000708
000709
000712
000713
000715
000718
000719
000725
000726
000728
000729
000731
000733
000736
000738
000739
000750
000752
000753
000756
000758
000759
000761
000768
000776
000777
000778
000782
000783
000786
000788
000789
000790
000791
000793
000797
000799
000800
000801
000802
000810
000811
000812
000816
000819
000823
000825
000826
000828
000830
000833
000838
000839
000848
000850
000858
000859
000860
000861
000869
000876
000877
000880
000881
000882
000883
000885
000886
000887
000888
000889
000895
000898
000899
000900
000901
000902
000903
000905
000906
000910
000915
000917
000919
000920
000921
000926
000928
000930
000933
000936
000937
000938
000948
000949
000951
000961
000963
000965
000967
000968
000969
000970
000973
000975
000977
000978
000983
000985
000987
000988
000989
000990
000997
000998
000999
001696
001872
001914
001979
002001
002003
002004
002007
002008
002009
002010
002012
002014
002016
002017
002019
002020
002022
002024
002025
002026
002027
002028
002029
002030
002031
002032
002033
002034
002035
002036
002037
002038
002039
002040
002041
002042
002043
002044
002045
002046
002048
002049
002050
002051
002053
002054
002055
002056
002057
002058
002059
002060
002061
002062
002063
002064
002065
002068
002073
002074
002076
002078
002079
002080
002081
002082
002083
002084
002085
002087
002088
002089
002090
002091
002092
002093
002095
002096
002097
002098
002099
002100
002101
002103
002104
002105
002106
002108
002110
002111
002115
002116
002117
002119
002120
002121
002124
002126
002128
002129
002130
002131
002132
002133
002135
002136
002138
002139
002140
002142
002144
002146
002148
002149
002150
002151
002152
002153
002154
002155
002156
002157
002158
002161
002165
002166
002169
002170
002171
002174
002176
002177
002179
002180
002181
002182
002183
002184
002185
002186
002187
002189
002190
002191
002193
002194
002195
002196
002197
002201
002202
002203
002204
002205
002206
002208
002209
002210
002212
002213
002214
002215
002216
002217
002218
002221
002222
002223
002224
002225
002226
002227
002228
002229
002230
002232
002233
002236
002238
002239
002241
002242
002243
002244
002245
002246
002247
002249
002250
002251
002252
002253
002254
002258
002261
002262
002266
002267
002268
002270
002271
002273
002274
002275
002276
002277
002278
002279
002280
002281
002282
002283
002284
002285
002286
002287
002290
002292
002293
002294
002296
002298
002299
002300
002301
002302
002303
002304
002305
002308
002309
002310
002311
002313
002314
002315
002317
002318
002319
002320
002322
002324
002325
002326
002327
002328
002329
002331
002332
002333
002334
002335
002338
002339
002340
002341
002342
002344
002345
002346
002348
002349
002350
002351
002352
002353
002354
002355
002356
002357
002358
002360
002361
002363
002364
002365
002366
002367
002368
002370
002371
002372
002373
002375
002376
002378
002380
002381
002382
002384
002385
002386
002388
002389
002390
002391
002392
002393
002394
002395
002396
002397
002398
002399
002400
002401
002402
002403
002404
002405
002406
002407
002408
002409
002410
002414
002415
002416
002419
002421
002422
002423
002424
002425
002426
002427
002430
002431
002433
002434
002435
002436
002437
002438
002439
002440
002441
002443
002444
002445
002446
002448
002449
002452
002454
002455
002456
002457
002460
002461
002462
002463
002465
002466
002467
002468
002469
002470
002471
002472
002474
002475
002476
002478
002479
002481
002482
002483
002484
002487
002488
002489
002491
002492
002493
002494
002495
002496
002497
002498
002500
002502
002507
002508
002510
002511
002515
002516
002518
002519
002520
002521
002522
002523
002527
002530
002531
002532
002533
002534
002536
002537
002538
002539
002540
002541
002542
002543
002544
002545
002546
002548
002549
002550
002551
002553
002554
002555
002556
002557
002558
002559
002560
002561
002563
002566
002567
002568
002572
002573
002574
002576
002579
002580
002582
002583
002585
002586
002587
002588
002589
002590
002592
002593
002594
002595
002596
002597
002598
002599
002600
002601
002603
002605
002606
002607
002609
002612
002614
002615
002616
002617
002620
002623
002624
002626
002627
002628
002631
002632
002634
002635
002637
002639
002640
002641
002643
002644
002645
002646
002648
002649
002650
002651
002652
002653
002654
002657
002658
002661
002662
002663
002664
002666
002667
002669
002672
002673
002674
002675
002677
002678
002679
002682
002683
002685
002686
002687
002688
002690
002691
002695
002696
002697
002698
002700
002701
002702
002705
002706
002709
002714
002718
002719
002722
002724
002725
002726
002727
002728
002729
002730
002731
002732
002733
002734
002735
002736
002737
002738
002743
002745
002746
002747
002749
002752
002753
002755
002756
002757
002758
002761
002762
002763
002767
002768
002769
002771
002772
002773
002777
002778
002779
002782
002783
002788
002790
002791
002792
002797
002798
002801
002802
002815
002817
002818
002820
002823
002830
002833
002835
002841
002847
002849
002850
300001
300002
300003
300004
300005
300006
300007
300008
300009
300011
300012
300013
300014
300015
300016
300017
300018
300019
300020
300021
300026
300027
300030
300031
300033
300034
300035
300036
300037
300039
300040
300041
300042
300043
300044
300045
300046
300047
300048
300049
300050
300052
300053
300054
300055
300057
300058
300059
300062
300063
300065
300066
300067
300068
300070
300071
300072
300073
300075
300077
300078
300079
300082
300084
300085
300087
300088
300091
300092
300093
300095
300096
300097
300098
300099
300100
300101
300102
300103
300105
300107
300108
300109
300110
300112
300113
300114
300115
300117
300118
300119
300120
300121
300122
300123
300124
300126
300127
300128
300129
300130
300131
300132
300133
300135
300136
300137
300138
300139
300141
300142
300144
300145
300146
300147
300148
300149
300150
300151
300152
300153
300154
300155
300158
300159
300160
300161
300162
300163
300164
300165
300166
300168
300170
300171
300172
300174
300175
300176
300177
300179
300180
300181
300182
300183
300185
300187
300188
300190
300191
300192
300193
300194
300196
300197
300198
300200
300201
300203
300204
300205
300206
300207
300209
300210
300211
300212
300213
300214
300215
300217
300218
300219
300221
300222
300223
300224
300225
300226
300227
300228
300229
300230
300231
300232
300233
300234
300235
300236
300237
300239
300240
300241
300243
300244
300245
300246
300248
300249
300250
300251
300252
300253
300254
300255
300257
300258
300259
300260
300261
300263
300265
300266
300267
300270
300271
300272
300274
300275
300276
300277
300279
300280
300281
300283
300284
300285
300286
300287
300288
300289
300290
300291
300293
300294
300296
300298
300299
300300
300302
300303
300304
300305
300306
300307
300308
300311
300314
300316
300319
300320
300321
300322
300324
300326
300327
300328
300329
300331
300332
300333
300335
300338
300339
300341
300342
300346
300347
300348
300349
300352
300353
300354
300355
300357
300358
300360
300363
300365
300368
300369
300371
300373
300374
300375
300376
300377
300378
300379
300380
300381
300382
300383
300384
300386
300387
300388
300390
300394
300395
300396
300398
300399
300401
300402
300403
300406
300407
300408
300409
300412
300413
300414
300415
300416
300417
300418
300421
300422
300423
300424
300425
300428
300429
300433
300435
300439
300440
300441
300445
300448
300450
300451
300452
300453
300455
300456
300457
300458
300463
300468
300470
300474
300476
300481
300482
300485
300487
300488
300490
300492
300493
300496
300498
300500
300501
300502
300508
300509
300515
300516
300519
300529
300531
300532
300538
300539
300541
300545
300547
300549
300556
300558
300559
300561
300563
300566
300567
300569
300573
300575
300576
300577
300579
300582
300587
300593
300595
300605
300608
300611
300615
600000
600004
600006
600007
600008
600009
600010
600011
600012
600015
600016
600017
600018
600019
600020
600021
600023
600026
600027
600028
600029
600030
600031
600033
600035
600036
600037
600038
600039
600048
600050
600051
600053
600054
600055
600056
600059
600060
600061
600062
600063
600064
600066
600067
600070
600073
600075
600078
600079
600080
600081
600085
600088
600089
600095
600097
600098
600100
600101
600104
600105
600106
600108
600109
600111
600113
600114
600116
600118
600119
600120
600123
600125
600126
600128
600131
600132
600135
600138
600141
600143
600148
600150
600153
600158
600159
600160
600161
600162
600166
600167
600168
600170
600171
600173
600176
600177
600180
600182
600183
600184
600188
600189
600190
600191
600192
600195
600196
600197
600199
600200
600201
600208
600210
600211
600215
600216
600218
600219
600229
600230
600231
600232
600233
600235
600236
600239
600246
600248
600251
600252
600256
600258
600261
600262
600266
600267
600268
600269
600271
600272
600273
600276
600277
600278
600279
600280
600282
600283
600284
600285
600287
600288
600289
600292
600295
600298
600299
600300
600303
600305
600308
600309
600310
600312
600315
600316
600323
600325
600326
600327
600328
600329
600332
600335
600337
600339
600340
600345
600346
600348
600350
600351
600352
600353
600356
600360
600361
600362
600363
600366
600367
600368
600369
600370
600371
600372
600373
600376
600377
600378
600379
600380
600382
600383
600386
600387
600388
600389
600395
600398
600400
600403
600406
600409
600410
600415
600418
600420
600422
600425
600426
600428
600433
600435
600436
600438
600439
600446
600449
600452
600456
600458
600459
600460
600461
600463
600467
600468
600469
600475
600477
600479
600480
600481
600482
600483
600486
600487
600488
600489
600491
600493
600495
600496
600497
600498
600499
600500
600501
600502
600503
600505
600507
600508
600509
600510
600511
600512
600513
600517
600518
600519
600521
600522
600523
600525
600527
600528
600529
600530
600531
600533
600535
600536
600545
600546
600547
600548
600549
600551
600557
600558
600559
600560
600561
600562
600563
600565
600566
600567
600570
600571
600572
600573
600577
600578
600580
600582
600583
600584
600585
600586
600587
600588
600589
600590
600592
600594
600596
600597
600598
600600
600601
600602
600604
600605
600606
600611
600612
600616
600618
600619
600620
600621
600622
600623
600624
600626
600628
600633
600635
600636
600637
600638
600639
600640
600641
600642
600643
600648
600649
600650
600651
600655
600657
600658
600660
600662
600663
600665
600667
600668
600673
600674
600675
600676
600682
600683
600684
600685
600686
600688
600690
600694
600697
600702
600703
600704
600705
600708
600710
600711
600712
600713
600717
600718
600719
600720
600724
600729
600736
600737
600741
600742
600743
600748
600750
600754
600755
600756
600757
600758
600761
600764
600765
600773
600774
600775
600776
600779
600782
600783
600784
600785
600787
600789
600790
600791
600794
600795
600797
600798
600801
600802
600803
600805
600808
600809
600810
600812
600814
600819
600820
600823
600824
600825
600826
600827
600828
600830
600831
600833
600834
600835
600837
600838
600839
600841
600845
600846
600850
600851
600853
600855
600857
600858
600859
600861
600863
600864
600865
600867
600868
600872
600873
600874
600875
600880
600883
600884
600885
600886
600887
600888
600889
600893
600894
600895
600897
600900
600908
600917
600958
600959
600960
600963
600965
600966
600967
600969
600970
600971
600973
600976
600979
600981
600982
600983
600985
600987
600990
600992
600993
600995
600997
600998
600999
601000
601003
601006
601007
601008
601009
601010
601012
601016
601018
601038
601058
601069
601088
601098
601099
601100
601101
601107
601111
601116
601117
601118
601126
601137
601139
601158
601166
601168
601169
601177
601179
601186
601188
601198
601199
601208
601211
601216
601222
601225
601226
601229
601231
601233
601238
601288
601311
601318
601328
601333
601336
601339
601360
601368
601369
601377
601388
601390
601398
601500
601515
601518
601555
601566
601567
601579
601588
601599
601601
601607
601608
601611
601616
601618
601628
601633
601636
601666
601668
601669
601677
601678
601688
601699
601700
601717
601718
601727
601766
601777
601788
601789
601799
601800
601801
601808
601811
601818
601857
601872
601877
601880
601882
601886
601888
601890
601898
601899
601900
601901
601908
601918
601928
601929
601933
601939
601958
601965
601966
601968
601985
601988
601989
601991
601992
601996
601997
601998
601999
603000
603001
603002
603005
603006
603008
603010
603011
603012
603015
603017
603018
603019
603020
603025
603027
603036
603037
603039
603040
603058
603060
603066
603077
603088
603089
603100
603116
603118
603123
603126
603128
603158
603159
603166
603167
603186
603198
603199
603203
603222
603223
603258
603288
603298
603299
603306
603308
603309
603311
603328
603338
603355
603358
603366
603368
603369
603393
603416
603421
603444
603456
603508
603519
603520
603556
603558
603566
603567
603568
603579
603585
603588
603589
603599
603600
603601
603606
603609
603611
603618
603636
603637
603639
603658
603663
603667
603669
603677
603678
603686
603688
603696
603698
603699
603701
603718
603727
603738
603766
603788
603798
603806
603808
603811
603819
603823
603838
603839
603866
603868
603869
603878
603883
603886
603889
603898
603899
603901
603918
603929
603936
603939
603968
603969
603977
603979
603988
603989
603993
603997
603998
603999